(kicad_pcb (version 20171130) (host pcbnew "(5.1.5)-3")

  (general
    (thickness 1.6)
    (drawings 0)
    (tracks 0)
    (zones 0)
    (modules 68)
    (nets 150)
  )

  (page A4)
  (title_block
    (title CALCKS)
    (date 2020-06-25)
    (rev v01)
    (comment 2 https://opensource.org/licenses/MIT)
    (comment 3 "License: MIT")
    (comment 4 "Author: Liam Braun")
  )

  (layers
    (0 F.Cu signal)
    (31 B.Cu signal)
    (32 B.Adhes user)
    (33 F.Adhes user)
    (34 B.Paste user)
    (35 F.Paste user)
    (36 B.SilkS user)
    (37 F.SilkS user)
    (38 B.Mask user)
    (39 F.Mask user)
    (40 Dwgs.User user)
    (41 Cmts.User user)
    (42 Eco1.User user)
    (43 Eco2.User user)
    (44 Edge.Cuts user)
    (45 Margin user)
    (46 B.CrtYd user)
    (47 F.CrtYd user)
    (48 B.Fab user)
    (49 F.Fab user)
  )

  (setup
    (last_trace_width 0.25)
    (trace_clearance 0.2)
    (zone_clearance 0.508)
    (zone_45_only no)
    (trace_min 0.2)
    (via_size 0.8)
    (via_drill 0.4)
    (via_min_size 0.6)
    (via_min_drill 0.3)
    (uvia_size 0.3)
    (uvia_drill 0.1)
    (uvias_allowed no)
    (uvia_min_size 0.6)
    (uvia_min_drill 0.3)
    (edge_width 0.1)
    (segment_width 0.2)
    (pcb_text_width 0.3)
    (pcb_text_size 1.5 1.5)
    (mod_edge_width 0.15)
    (mod_text_size 1 1)
    (mod_text_width 0.15)
    (pad_size 3 3)
    (pad_drill 0)
    (pad_to_mask_clearance 0)
    (aux_axis_origin 0 0)
    (visible_elements FFFFFF7F)
    (pcbplotparams
      (layerselection 0x010fc_ffffffff)
      (usegerberextensions false)
      (usegerberattributes false)
      (usegerberadvancedattributes false)
      (creategerberjobfile false)
      (excludeedgelayer true)
      (linewidth 0.100000)
      (plotframeref false)
      (viasonmask false)
      (mode 1)
      (useauxorigin false)
      (hpglpennumber 1)
      (hpglpenspeed 20)
      (hpglpendiameter 15.000000)
      (psnegative false)
      (psa4output false)
      (plotreference true)
      (plotvalue true)
      (plotinvisibletext false)
      (padsonsilk false)
      (subtractmaskfromsilk false)
      (outputformat 1)
      (mirror false)
      (drillshape 1)
      (scaleselection 1)
      (outputdirectory ""))
  )

  (net 0 "")
  (net 1 GND)
  (net 2 "Net-(C1-Pad1)")
  (net 3 "Net-(C2-Pad2)")
  (net 4 "Net-(C3-Pad2)")
  (net 5 "Net-(C4-Pad1)")
  (net 6 "Net-(C4-Pad2)")
  (net 7 "Net-(C5-Pad2)")
  (net 8 "Net-(C6-Pad2)")
  (net 9 "Net-(C7-Pad2)")
  (net 10 "Net-(C7-Pad1)")
  (net 11 "Net-(C8-Pad2)")
  (net 12 "Net-(C9-Pad2)")
  (net 13 "Net-(C10-Pad2)")
  (net 14 "Net-(C11-Pad2)")
  (net 15 VCC)
  (net 16 "Net-(DS1-Pad1)")
  (net 17 "Net-(DS1-Pad2)")
  (net 18 "Net-(DS1-Pad3)")
  (net 19 "Net-(DS1-Pad18)")
  (net 20 "Net-(DS1-Pad19)")
  (net 21 "Net-(DS1-Pad20)")
  (net 22 MISO)
  (net 23 SCK)
  (net 24 SCL)
  (net 25 RST)
  (net 26 MOSI)
  (net 27 RESET)
  (net 28 "Net-(J2-Pad2)")
  (net 29 "Net-(J2-Pad3)")
  (net 30 "Net-(J2-Pad4)")
  (net 31 "Net-(J2-Pad6)")
  (net 32 "Net-(R1-Pad2)")
  (net 33 BTN_ROW1)
  (net 34 BTN_ROW2)
  (net 35 BTN_ROW3)
  (net 36 BTN_ROW4)
  (net 37 "Net-(SW1-Pad4)")
  (net 38 "Net-(SW1-Pad3)")
  (net 39 "Net-(SW1-Pad1)")
  (net 40 "Net-(SW10-Pad1)")
  (net 41 "Net-(SW2-Pad3)")
  (net 42 "Net-(SW2-Pad4)")
  (net 43 "Net-(SW3-Pad4)")
  (net 44 "Net-(SW3-Pad3)")
  (net 45 "Net-(SW11-Pad1)")
  (net 46 "Net-(SW4-Pad4)")
  (net 47 "Net-(SW4-Pad3)")
  (net 48 "Net-(SW12-Pad1)")
  (net 49 "Net-(SW13-Pad1)")
  (net 50 "Net-(SW5-Pad3)")
  (net 51 "Net-(SW5-Pad4)")
  (net 52 "Net-(SW14-Pad1)")
  (net 53 "Net-(SW6-Pad3)")
  (net 54 "Net-(SW6-Pad4)")
  (net 55 "Net-(SW15-Pad1)")
  (net 56 "Net-(SW7-Pad3)")
  (net 57 "Net-(SW7-Pad4)")
  (net 58 "Net-(SW16-Pad1)")
  (net 59 "Net-(SW8-Pad3)")
  (net 60 "Net-(SW8-Pad4)")
  (net 61 "Net-(SW9-Pad4)")
  (net 62 "Net-(SW9-Pad3)")
  (net 63 "Net-(SW10-Pad4)")
  (net 64 "Net-(SW10-Pad3)")
  (net 65 "Net-(SW11-Pad4)")
  (net 66 "Net-(SW11-Pad3)")
  (net 67 "Net-(SW12-Pad3)")
  (net 68 "Net-(SW12-Pad4)")
  (net 69 "Net-(SW13-Pad4)")
  (net 70 "Net-(SW13-Pad3)")
  (net 71 "Net-(SW14-Pad3)")
  (net 72 "Net-(SW14-Pad4)")
  (net 73 "Net-(SW15-Pad4)")
  (net 74 "Net-(SW15-Pad3)")
  (net 75 "Net-(SW16-Pad4)")
  (net 76 "Net-(SW16-Pad3)")
  (net 77 "Net-(SW17-Pad3)")
  (net 78 "Net-(SW17-Pad4)")
  (net 79 "Net-(SW18-Pad3)")
  (net 80 "Net-(SW18-Pad4)")
  (net 81 "Net-(SW19-Pad3)")
  (net 82 "Net-(SW19-Pad4)")
  (net 83 "Net-(SW20-Pad4)")
  (net 84 "Net-(SW20-Pad3)")
  (net 85 "Net-(SW21-Pad3)")
  (net 86 "Net-(SW21-Pad4)")
  (net 87 "Net-(SW22-Pad4)")
  (net 88 "Net-(SW22-Pad3)")
  (net 89 "Net-(SW23-Pad4)")
  (net 90 "Net-(SW23-Pad3)")
  (net 91 "Net-(SW24-Pad3)")
  (net 92 "Net-(SW24-Pad4)")
  (net 93 "Net-(SW25-Pad3)")
  (net 94 "Net-(SW25-Pad4)")
  (net 95 "Net-(SW26-Pad4)")
  (net 96 "Net-(SW26-Pad3)")
  (net 97 "Net-(SW27-Pad4)")
  (net 98 "Net-(SW27-Pad3)")
  (net 99 "Net-(SW28-Pad3)")
  (net 100 "Net-(SW28-Pad4)")
  (net 101 "Net-(SW29-Pad4)")
  (net 102 "Net-(SW29-Pad3)")
  (net 103 "Net-(SW30-Pad3)")
  (net 104 "Net-(SW30-Pad4)")
  (net 105 "Net-(SW31-Pad3)")
  (net 106 "Net-(SW31-Pad4)")
  (net 107 "Net-(SW32-Pad4)")
  (net 108 "Net-(SW32-Pad3)")
  (net 109 "Net-(SW33-Pad3)")
  (net 110 "Net-(SW33-Pad4)")
  (net 111 "Net-(SW34-Pad4)")
  (net 112 "Net-(SW34-Pad3)")
  (net 113 BTN_ROW5)
  (net 114 "Net-(SW35-Pad3)")
  (net 115 "Net-(SW35-Pad4)")
  (net 116 "Net-(SW36-Pad4)")
  (net 117 "Net-(SW36-Pad3)")
  (net 118 "Net-(SW37-Pad3)")
  (net 119 "Net-(SW37-Pad4)")
  (net 120 "Net-(SW38-Pad4)")
  (net 121 "Net-(SW38-Pad3)")
  (net 122 "Net-(SW39-Pad4)")
  (net 123 "Net-(SW39-Pad3)")
  (net 124 "Net-(SW40-Pad3)")
  (net 125 "Net-(SW40-Pad4)")
  (net 126 "Net-(U1-Pad7)")
  (net 127 "Net-(U1-Pad8)")
  (net 128 CLK)
  (net 129 CLR)
  (net 130 BTN_AB)
  (net 131 "Net-(U1-Pad19)")
  (net 132 "Net-(U1-Pad20)")
  (net 133 "Net-(U1-Pad21)")
  (net 134 "Net-(U1-Pad22)")
  (net 135 "Net-(U1-Pad23)")
  (net 136 "Net-(U1-Pad24)")
  (net 137 "Net-(U1-Pad25)")
  (net 138 "Net-(U1-Pad26)")
  (net 139 "Net-(U1-Pad30)")
  (net 140 "Net-(U1-Pad31)")
  (net 141 "Net-(U1-Pad32)")
  (net 142 "Net-(U1-Pad33)")
  (net 143 "Net-(U1-Pad34)")
  (net 144 "Net-(U1-Pad35)")
  (net 145 "Net-(U1-Pad36)")
  (net 146 "Net-(U1-Pad37)")
  (net 147 BATT_STATUS)
  (net 148 "Net-(U1-Pad41)")
  (net 149 "Net-(U1-Pad42)")

  (net_class Default "This is the default net class."
    (clearance 0.2)
    (trace_width 0.25)
    (via_dia 0.8)
    (via_drill 0.4)
    (uvia_dia 0.3)
    (uvia_drill 0.1)
    (add_net BATT_STATUS)
    (add_net BTN_AB)
    (add_net BTN_ROW1)
    (add_net BTN_ROW2)
    (add_net BTN_ROW3)
    (add_net BTN_ROW4)
    (add_net BTN_ROW5)
    (add_net CLK)
    (add_net CLR)
    (add_net GND)
    (add_net MISO)
    (add_net MOSI)
    (add_net "Net-(C1-Pad1)")
    (add_net "Net-(C10-Pad2)")
    (add_net "Net-(C11-Pad2)")
    (add_net "Net-(C2-Pad2)")
    (add_net "Net-(C3-Pad2)")
    (add_net "Net-(C4-Pad1)")
    (add_net "Net-(C4-Pad2)")
    (add_net "Net-(C5-Pad2)")
    (add_net "Net-(C6-Pad2)")
    (add_net "Net-(C7-Pad1)")
    (add_net "Net-(C7-Pad2)")
    (add_net "Net-(C8-Pad2)")
    (add_net "Net-(C9-Pad2)")
    (add_net "Net-(DS1-Pad1)")
    (add_net "Net-(DS1-Pad18)")
    (add_net "Net-(DS1-Pad19)")
    (add_net "Net-(DS1-Pad2)")
    (add_net "Net-(DS1-Pad20)")
    (add_net "Net-(DS1-Pad3)")
    (add_net "Net-(J2-Pad2)")
    (add_net "Net-(J2-Pad3)")
    (add_net "Net-(J2-Pad4)")
    (add_net "Net-(J2-Pad6)")
    (add_net "Net-(R1-Pad2)")
    (add_net "Net-(SW1-Pad1)")
    (add_net "Net-(SW1-Pad3)")
    (add_net "Net-(SW1-Pad4)")
    (add_net "Net-(SW10-Pad1)")
    (add_net "Net-(SW10-Pad3)")
    (add_net "Net-(SW10-Pad4)")
    (add_net "Net-(SW11-Pad1)")
    (add_net "Net-(SW11-Pad3)")
    (add_net "Net-(SW11-Pad4)")
    (add_net "Net-(SW12-Pad1)")
    (add_net "Net-(SW12-Pad3)")
    (add_net "Net-(SW12-Pad4)")
    (add_net "Net-(SW13-Pad1)")
    (add_net "Net-(SW13-Pad3)")
    (add_net "Net-(SW13-Pad4)")
    (add_net "Net-(SW14-Pad1)")
    (add_net "Net-(SW14-Pad3)")
    (add_net "Net-(SW14-Pad4)")
    (add_net "Net-(SW15-Pad1)")
    (add_net "Net-(SW15-Pad3)")
    (add_net "Net-(SW15-Pad4)")
    (add_net "Net-(SW16-Pad1)")
    (add_net "Net-(SW16-Pad3)")
    (add_net "Net-(SW16-Pad4)")
    (add_net "Net-(SW17-Pad3)")
    (add_net "Net-(SW17-Pad4)")
    (add_net "Net-(SW18-Pad3)")
    (add_net "Net-(SW18-Pad4)")
    (add_net "Net-(SW19-Pad3)")
    (add_net "Net-(SW19-Pad4)")
    (add_net "Net-(SW2-Pad3)")
    (add_net "Net-(SW2-Pad4)")
    (add_net "Net-(SW20-Pad3)")
    (add_net "Net-(SW20-Pad4)")
    (add_net "Net-(SW21-Pad3)")
    (add_net "Net-(SW21-Pad4)")
    (add_net "Net-(SW22-Pad3)")
    (add_net "Net-(SW22-Pad4)")
    (add_net "Net-(SW23-Pad3)")
    (add_net "Net-(SW23-Pad4)")
    (add_net "Net-(SW24-Pad3)")
    (add_net "Net-(SW24-Pad4)")
    (add_net "Net-(SW25-Pad3)")
    (add_net "Net-(SW25-Pad4)")
    (add_net "Net-(SW26-Pad3)")
    (add_net "Net-(SW26-Pad4)")
    (add_net "Net-(SW27-Pad3)")
    (add_net "Net-(SW27-Pad4)")
    (add_net "Net-(SW28-Pad3)")
    (add_net "Net-(SW28-Pad4)")
    (add_net "Net-(SW29-Pad3)")
    (add_net "Net-(SW29-Pad4)")
    (add_net "Net-(SW3-Pad3)")
    (add_net "Net-(SW3-Pad4)")
    (add_net "Net-(SW30-Pad3)")
    (add_net "Net-(SW30-Pad4)")
    (add_net "Net-(SW31-Pad3)")
    (add_net "Net-(SW31-Pad4)")
    (add_net "Net-(SW32-Pad3)")
    (add_net "Net-(SW32-Pad4)")
    (add_net "Net-(SW33-Pad3)")
    (add_net "Net-(SW33-Pad4)")
    (add_net "Net-(SW34-Pad3)")
    (add_net "Net-(SW34-Pad4)")
    (add_net "Net-(SW35-Pad3)")
    (add_net "Net-(SW35-Pad4)")
    (add_net "Net-(SW36-Pad3)")
    (add_net "Net-(SW36-Pad4)")
    (add_net "Net-(SW37-Pad3)")
    (add_net "Net-(SW37-Pad4)")
    (add_net "Net-(SW38-Pad3)")
    (add_net "Net-(SW38-Pad4)")
    (add_net "Net-(SW39-Pad3)")
    (add_net "Net-(SW39-Pad4)")
    (add_net "Net-(SW4-Pad3)")
    (add_net "Net-(SW4-Pad4)")
    (add_net "Net-(SW40-Pad3)")
    (add_net "Net-(SW40-Pad4)")
    (add_net "Net-(SW5-Pad3)")
    (add_net "Net-(SW5-Pad4)")
    (add_net "Net-(SW6-Pad3)")
    (add_net "Net-(SW6-Pad4)")
    (add_net "Net-(SW7-Pad3)")
    (add_net "Net-(SW7-Pad4)")
    (add_net "Net-(SW8-Pad3)")
    (add_net "Net-(SW8-Pad4)")
    (add_net "Net-(SW9-Pad3)")
    (add_net "Net-(SW9-Pad4)")
    (add_net "Net-(U1-Pad19)")
    (add_net "Net-(U1-Pad20)")
    (add_net "Net-(U1-Pad21)")
    (add_net "Net-(U1-Pad22)")
    (add_net "Net-(U1-Pad23)")
    (add_net "Net-(U1-Pad24)")
    (add_net "Net-(U1-Pad25)")
    (add_net "Net-(U1-Pad26)")
    (add_net "Net-(U1-Pad30)")
    (add_net "Net-(U1-Pad31)")
    (add_net "Net-(U1-Pad32)")
    (add_net "Net-(U1-Pad33)")
    (add_net "Net-(U1-Pad34)")
    (add_net "Net-(U1-Pad35)")
    (add_net "Net-(U1-Pad36)")
    (add_net "Net-(U1-Pad37)")
    (add_net "Net-(U1-Pad41)")
    (add_net "Net-(U1-Pad42)")
    (add_net "Net-(U1-Pad7)")
    (add_net "Net-(U1-Pad8)")
    (add_net RESET)
    (add_net RST)
    (add_net SCK)
    (add_net SCL)
    (add_net VCC)
  )

  (module Capacitor_SMD:C_0805_2012Metric (layer F.Cu) (tedit 5B36C52B) (tstamp 5EF5B321)
    (at 106.68 26.035 180)
    (descr "Capacitor SMD 0805 (2012 Metric), square (rectangular) end terminal, IPC_7351 nominal, (Body size source: https://docs.google.com/spreadsheets/d/1BsfQQcO9C6DZCsRaXUlFlo91Tg2WpOkGARC1WS5S8t0/edit?usp=sharing), generated with kicad-footprint-generator")
    (tags capacitor)
    (path /5F292FC0)
    (attr smd)
    (fp_text reference C1 (at 0 -1.65) (layer F.SilkS)
      (effects (font (size 1 1) (thickness 0.15)))
    )
    (fp_text value 4.7uF (at 0 1.65) (layer F.Fab)
      (effects (font (size 1 1) (thickness 0.15)))
    )
    (fp_text user %R (at 0 0) (layer F.Fab)
      (effects (font (size 0.5 0.5) (thickness 0.08)))
    )
    (fp_line (start 1.68 0.95) (end -1.68 0.95) (layer F.CrtYd) (width 0.05))
    (fp_line (start 1.68 -0.95) (end 1.68 0.95) (layer F.CrtYd) (width 0.05))
    (fp_line (start -1.68 -0.95) (end 1.68 -0.95) (layer F.CrtYd) (width 0.05))
    (fp_line (start -1.68 0.95) (end -1.68 -0.95) (layer F.CrtYd) (width 0.05))
    (fp_line (start -0.258578 0.71) (end 0.258578 0.71) (layer F.SilkS) (width 0.12))
    (fp_line (start -0.258578 -0.71) (end 0.258578 -0.71) (layer F.SilkS) (width 0.12))
    (fp_line (start 1 0.6) (end -1 0.6) (layer F.Fab) (width 0.1))
    (fp_line (start 1 -0.6) (end 1 0.6) (layer F.Fab) (width 0.1))
    (fp_line (start -1 -0.6) (end 1 -0.6) (layer F.Fab) (width 0.1))
    (fp_line (start -1 0.6) (end -1 -0.6) (layer F.Fab) (width 0.1))
    (pad 2 smd roundrect (at 0.9375 0 180) (size 0.975 1.4) (layers F.Cu F.Paste F.Mask) (roundrect_rratio 0.25)
      (net 1 GND))
    (pad 1 smd roundrect (at -0.9375 0 180) (size 0.975 1.4) (layers F.Cu F.Paste F.Mask) (roundrect_rratio 0.25)
      (net 2 "Net-(C1-Pad1)"))
    (model ${KISYS3DMOD}/Capacitor_SMD.3dshapes/C_0805_2012Metric.wrl
      (at (xyz 0 0 0))
      (scale (xyz 1 1 1))
      (rotate (xyz 0 0 0))
    )
  )

  (module Capacitor_SMD:C_0805_2012Metric (layer F.Cu) (tedit 5B36C52B) (tstamp 5EF5967E)
    (at 101.6 107.315)
    (descr "Capacitor SMD 0805 (2012 Metric), square (rectangular) end terminal, IPC_7351 nominal, (Body size source: https://docs.google.com/spreadsheets/d/1BsfQQcO9C6DZCsRaXUlFlo91Tg2WpOkGARC1WS5S8t0/edit?usp=sharing), generated with kicad-footprint-generator")
    (tags capacitor)
    (path /5F26AA5B)
    (attr smd)
    (fp_text reference C2 (at 0 -1.65) (layer F.SilkS)
      (effects (font (size 1 1) (thickness 0.15)))
    )
    (fp_text value 4.7uF (at 0 1.65) (layer F.Fab)
      (effects (font (size 1 1) (thickness 0.15)))
    )
    (fp_line (start -1 0.6) (end -1 -0.6) (layer F.Fab) (width 0.1))
    (fp_line (start -1 -0.6) (end 1 -0.6) (layer F.Fab) (width 0.1))
    (fp_line (start 1 -0.6) (end 1 0.6) (layer F.Fab) (width 0.1))
    (fp_line (start 1 0.6) (end -1 0.6) (layer F.Fab) (width 0.1))
    (fp_line (start -0.258578 -0.71) (end 0.258578 -0.71) (layer F.SilkS) (width 0.12))
    (fp_line (start -0.258578 0.71) (end 0.258578 0.71) (layer F.SilkS) (width 0.12))
    (fp_line (start -1.68 0.95) (end -1.68 -0.95) (layer F.CrtYd) (width 0.05))
    (fp_line (start -1.68 -0.95) (end 1.68 -0.95) (layer F.CrtYd) (width 0.05))
    (fp_line (start 1.68 -0.95) (end 1.68 0.95) (layer F.CrtYd) (width 0.05))
    (fp_line (start 1.68 0.95) (end -1.68 0.95) (layer F.CrtYd) (width 0.05))
    (fp_text user %R (at 0 0) (layer F.Fab)
      (effects (font (size 0.5 0.5) (thickness 0.08)))
    )
    (pad 1 smd roundrect (at -0.9375 0) (size 0.975 1.4) (layers F.Cu F.Paste F.Mask) (roundrect_rratio 0.25)
      (net 1 GND))
    (pad 2 smd roundrect (at 0.9375 0) (size 0.975 1.4) (layers F.Cu F.Paste F.Mask) (roundrect_rratio 0.25)
      (net 3 "Net-(C2-Pad2)"))
    (model ${KISYS3DMOD}/Capacitor_SMD.3dshapes/C_0805_2012Metric.wrl
      (at (xyz 0 0 0))
      (scale (xyz 1 1 1))
      (rotate (xyz 0 0 0))
    )
  )

  (module Capacitor_SMD:C_0805_2012Metric (layer F.Cu) (tedit 5B36C52B) (tstamp 5EF5968F)
    (at 103.505 73.025 180)
    (descr "Capacitor SMD 0805 (2012 Metric), square (rectangular) end terminal, IPC_7351 nominal, (Body size source: https://docs.google.com/spreadsheets/d/1BsfQQcO9C6DZCsRaXUlFlo91Tg2WpOkGARC1WS5S8t0/edit?usp=sharing), generated with kicad-footprint-generator")
    (tags capacitor)
    (path /5FB5A76B)
    (attr smd)
    (fp_text reference C3 (at 0 -1.65) (layer F.SilkS)
      (effects (font (size 1 1) (thickness 0.15)))
    )
    (fp_text value 1uF (at 0 1.65) (layer F.Fab)
      (effects (font (size 1 1) (thickness 0.15)))
    )
    (fp_text user %R (at 0 0) (layer F.Fab)
      (effects (font (size 0.5 0.5) (thickness 0.08)))
    )
    (fp_line (start 1.68 0.95) (end -1.68 0.95) (layer F.CrtYd) (width 0.05))
    (fp_line (start 1.68 -0.95) (end 1.68 0.95) (layer F.CrtYd) (width 0.05))
    (fp_line (start -1.68 -0.95) (end 1.68 -0.95) (layer F.CrtYd) (width 0.05))
    (fp_line (start -1.68 0.95) (end -1.68 -0.95) (layer F.CrtYd) (width 0.05))
    (fp_line (start -0.258578 0.71) (end 0.258578 0.71) (layer F.SilkS) (width 0.12))
    (fp_line (start -0.258578 -0.71) (end 0.258578 -0.71) (layer F.SilkS) (width 0.12))
    (fp_line (start 1 0.6) (end -1 0.6) (layer F.Fab) (width 0.1))
    (fp_line (start 1 -0.6) (end 1 0.6) (layer F.Fab) (width 0.1))
    (fp_line (start -1 -0.6) (end 1 -0.6) (layer F.Fab) (width 0.1))
    (fp_line (start -1 0.6) (end -1 -0.6) (layer F.Fab) (width 0.1))
    (pad 2 smd roundrect (at 0.9375 0 180) (size 0.975 1.4) (layers F.Cu F.Paste F.Mask) (roundrect_rratio 0.25)
      (net 4 "Net-(C3-Pad2)"))
    (pad 1 smd roundrect (at -0.9375 0 180) (size 0.975 1.4) (layers F.Cu F.Paste F.Mask) (roundrect_rratio 0.25)
      (net 1 GND))
    (model ${KISYS3DMOD}/Capacitor_SMD.3dshapes/C_0805_2012Metric.wrl
      (at (xyz 0 0 0))
      (scale (xyz 1 1 1))
      (rotate (xyz 0 0 0))
    )
  )

  (module Capacitor_SMD:C_0805_2012Metric (layer F.Cu) (tedit 5B36C52B) (tstamp 5EF596A0)
    (at 88.265 73.025 180)
    (descr "Capacitor SMD 0805 (2012 Metric), square (rectangular) end terminal, IPC_7351 nominal, (Body size source: https://docs.google.com/spreadsheets/d/1BsfQQcO9C6DZCsRaXUlFlo91Tg2WpOkGARC1WS5S8t0/edit?usp=sharing), generated with kicad-footprint-generator")
    (tags capacitor)
    (path /5FA39B38)
    (attr smd)
    (fp_text reference C4 (at 0 -1.65) (layer F.SilkS)
      (effects (font (size 1 1) (thickness 0.15)))
    )
    (fp_text value 1uF (at 0 1.65) (layer F.Fab)
      (effects (font (size 1 1) (thickness 0.15)))
    )
    (fp_line (start -1 0.6) (end -1 -0.6) (layer F.Fab) (width 0.1))
    (fp_line (start -1 -0.6) (end 1 -0.6) (layer F.Fab) (width 0.1))
    (fp_line (start 1 -0.6) (end 1 0.6) (layer F.Fab) (width 0.1))
    (fp_line (start 1 0.6) (end -1 0.6) (layer F.Fab) (width 0.1))
    (fp_line (start -0.258578 -0.71) (end 0.258578 -0.71) (layer F.SilkS) (width 0.12))
    (fp_line (start -0.258578 0.71) (end 0.258578 0.71) (layer F.SilkS) (width 0.12))
    (fp_line (start -1.68 0.95) (end -1.68 -0.95) (layer F.CrtYd) (width 0.05))
    (fp_line (start -1.68 -0.95) (end 1.68 -0.95) (layer F.CrtYd) (width 0.05))
    (fp_line (start 1.68 -0.95) (end 1.68 0.95) (layer F.CrtYd) (width 0.05))
    (fp_line (start 1.68 0.95) (end -1.68 0.95) (layer F.CrtYd) (width 0.05))
    (fp_text user %R (at 0 0) (layer F.Fab)
      (effects (font (size 0.5 0.5) (thickness 0.08)))
    )
    (pad 1 smd roundrect (at -0.9375 0 180) (size 0.975 1.4) (layers F.Cu F.Paste F.Mask) (roundrect_rratio 0.25)
      (net 5 "Net-(C4-Pad1)"))
    (pad 2 smd roundrect (at 0.9375 0 180) (size 0.975 1.4) (layers F.Cu F.Paste F.Mask) (roundrect_rratio 0.25)
      (net 6 "Net-(C4-Pad2)"))
    (model ${KISYS3DMOD}/Capacitor_SMD.3dshapes/C_0805_2012Metric.wrl
      (at (xyz 0 0 0))
      (scale (xyz 1 1 1))
      (rotate (xyz 0 0 0))
    )
  )

  (module Capacitor_SMD:C_0805_2012Metric (layer F.Cu) (tedit 5B36C52B) (tstamp 5EF596B1)
    (at 77.47 73.025 180)
    (descr "Capacitor SMD 0805 (2012 Metric), square (rectangular) end terminal, IPC_7351 nominal, (Body size source: https://docs.google.com/spreadsheets/d/1BsfQQcO9C6DZCsRaXUlFlo91Tg2WpOkGARC1WS5S8t0/edit?usp=sharing), generated with kicad-footprint-generator")
    (tags capacitor)
    (path /5F9ABBF0)
    (attr smd)
    (fp_text reference C5 (at 0 -1.65) (layer F.SilkS)
      (effects (font (size 1 1) (thickness 0.15)))
    )
    (fp_text value 1uF (at 0 1.65) (layer F.Fab)
      (effects (font (size 1 1) (thickness 0.15)))
    )
    (fp_text user %R (at 0 0) (layer F.Fab)
      (effects (font (size 0.5 0.5) (thickness 0.08)))
    )
    (fp_line (start 1.68 0.95) (end -1.68 0.95) (layer F.CrtYd) (width 0.05))
    (fp_line (start 1.68 -0.95) (end 1.68 0.95) (layer F.CrtYd) (width 0.05))
    (fp_line (start -1.68 -0.95) (end 1.68 -0.95) (layer F.CrtYd) (width 0.05))
    (fp_line (start -1.68 0.95) (end -1.68 -0.95) (layer F.CrtYd) (width 0.05))
    (fp_line (start -0.258578 0.71) (end 0.258578 0.71) (layer F.SilkS) (width 0.12))
    (fp_line (start -0.258578 -0.71) (end 0.258578 -0.71) (layer F.SilkS) (width 0.12))
    (fp_line (start 1 0.6) (end -1 0.6) (layer F.Fab) (width 0.1))
    (fp_line (start 1 -0.6) (end 1 0.6) (layer F.Fab) (width 0.1))
    (fp_line (start -1 -0.6) (end 1 -0.6) (layer F.Fab) (width 0.1))
    (fp_line (start -1 0.6) (end -1 -0.6) (layer F.Fab) (width 0.1))
    (pad 2 smd roundrect (at 0.9375 0 180) (size 0.975 1.4) (layers F.Cu F.Paste F.Mask) (roundrect_rratio 0.25)
      (net 7 "Net-(C5-Pad2)"))
    (pad 1 smd roundrect (at -0.9375 0 180) (size 0.975 1.4) (layers F.Cu F.Paste F.Mask) (roundrect_rratio 0.25)
      (net 1 GND))
    (model ${KISYS3DMOD}/Capacitor_SMD.3dshapes/C_0805_2012Metric.wrl
      (at (xyz 0 0 0))
      (scale (xyz 1 1 1))
      (rotate (xyz 0 0 0))
    )
  )

  (module Capacitor_SMD:C_0805_2012Metric (layer F.Cu) (tedit 5B36C52B) (tstamp 5EF596C2)
    (at 83.185 73.025 180)
    (descr "Capacitor SMD 0805 (2012 Metric), square (rectangular) end terminal, IPC_7351 nominal, (Body size source: https://docs.google.com/spreadsheets/d/1BsfQQcO9C6DZCsRaXUlFlo91Tg2WpOkGARC1WS5S8t0/edit?usp=sharing), generated with kicad-footprint-generator")
    (tags capacitor)
    (path /5F9ACA7D)
    (attr smd)
    (fp_text reference C6 (at 0 -1.65) (layer F.SilkS)
      (effects (font (size 1 1) (thickness 0.15)))
    )
    (fp_text value 1uF (at 0 1.65) (layer F.Fab)
      (effects (font (size 1 1) (thickness 0.15)))
    )
    (fp_line (start -1 0.6) (end -1 -0.6) (layer F.Fab) (width 0.1))
    (fp_line (start -1 -0.6) (end 1 -0.6) (layer F.Fab) (width 0.1))
    (fp_line (start 1 -0.6) (end 1 0.6) (layer F.Fab) (width 0.1))
    (fp_line (start 1 0.6) (end -1 0.6) (layer F.Fab) (width 0.1))
    (fp_line (start -0.258578 -0.71) (end 0.258578 -0.71) (layer F.SilkS) (width 0.12))
    (fp_line (start -0.258578 0.71) (end 0.258578 0.71) (layer F.SilkS) (width 0.12))
    (fp_line (start -1.68 0.95) (end -1.68 -0.95) (layer F.CrtYd) (width 0.05))
    (fp_line (start -1.68 -0.95) (end 1.68 -0.95) (layer F.CrtYd) (width 0.05))
    (fp_line (start 1.68 -0.95) (end 1.68 0.95) (layer F.CrtYd) (width 0.05))
    (fp_line (start 1.68 0.95) (end -1.68 0.95) (layer F.CrtYd) (width 0.05))
    (fp_text user %R (at 0 0) (layer F.Fab)
      (effects (font (size 0.5 0.5) (thickness 0.08)))
    )
    (pad 1 smd roundrect (at -0.9375 0 180) (size 0.975 1.4) (layers F.Cu F.Paste F.Mask) (roundrect_rratio 0.25)
      (net 1 GND))
    (pad 2 smd roundrect (at 0.9375 0 180) (size 0.975 1.4) (layers F.Cu F.Paste F.Mask) (roundrect_rratio 0.25)
      (net 8 "Net-(C6-Pad2)"))
    (model ${KISYS3DMOD}/Capacitor_SMD.3dshapes/C_0805_2012Metric.wrl
      (at (xyz 0 0 0))
      (scale (xyz 1 1 1))
      (rotate (xyz 0 0 0))
    )
  )

  (module Capacitor_SMD:C_0805_2012Metric (layer F.Cu) (tedit 5B36C52B) (tstamp 5EF596D3)
    (at 92.075 73.025)
    (descr "Capacitor SMD 0805 (2012 Metric), square (rectangular) end terminal, IPC_7351 nominal, (Body size source: https://docs.google.com/spreadsheets/d/1BsfQQcO9C6DZCsRaXUlFlo91Tg2WpOkGARC1WS5S8t0/edit?usp=sharing), generated with kicad-footprint-generator")
    (tags capacitor)
    (path /5FAA0BF6)
    (attr smd)
    (fp_text reference C7 (at 0 -1.65) (layer F.SilkS)
      (effects (font (size 1 1) (thickness 0.15)))
    )
    (fp_text value 1uF (at 0 1.65) (layer F.Fab)
      (effects (font (size 1 1) (thickness 0.15)))
    )
    (fp_text user %R (at 0 0) (layer F.Fab)
      (effects (font (size 0.5 0.5) (thickness 0.08)))
    )
    (fp_line (start 1.68 0.95) (end -1.68 0.95) (layer F.CrtYd) (width 0.05))
    (fp_line (start 1.68 -0.95) (end 1.68 0.95) (layer F.CrtYd) (width 0.05))
    (fp_line (start -1.68 -0.95) (end 1.68 -0.95) (layer F.CrtYd) (width 0.05))
    (fp_line (start -1.68 0.95) (end -1.68 -0.95) (layer F.CrtYd) (width 0.05))
    (fp_line (start -0.258578 0.71) (end 0.258578 0.71) (layer F.SilkS) (width 0.12))
    (fp_line (start -0.258578 -0.71) (end 0.258578 -0.71) (layer F.SilkS) (width 0.12))
    (fp_line (start 1 0.6) (end -1 0.6) (layer F.Fab) (width 0.1))
    (fp_line (start 1 -0.6) (end 1 0.6) (layer F.Fab) (width 0.1))
    (fp_line (start -1 -0.6) (end 1 -0.6) (layer F.Fab) (width 0.1))
    (fp_line (start -1 0.6) (end -1 -0.6) (layer F.Fab) (width 0.1))
    (pad 2 smd roundrect (at 0.9375 0) (size 0.975 1.4) (layers F.Cu F.Paste F.Mask) (roundrect_rratio 0.25)
      (net 9 "Net-(C7-Pad2)"))
    (pad 1 smd roundrect (at -0.9375 0) (size 0.975 1.4) (layers F.Cu F.Paste F.Mask) (roundrect_rratio 0.25)
      (net 10 "Net-(C7-Pad1)"))
    (model ${KISYS3DMOD}/Capacitor_SMD.3dshapes/C_0805_2012Metric.wrl
      (at (xyz 0 0 0))
      (scale (xyz 1 1 1))
      (rotate (xyz 0 0 0))
    )
  )

  (module Capacitor_SMD:C_0805_2012Metric (layer F.Cu) (tedit 5B36C52B) (tstamp 5EF596E4)
    (at 95.885 73.025 180)
    (descr "Capacitor SMD 0805 (2012 Metric), square (rectangular) end terminal, IPC_7351 nominal, (Body size source: https://docs.google.com/spreadsheets/d/1BsfQQcO9C6DZCsRaXUlFlo91Tg2WpOkGARC1WS5S8t0/edit?usp=sharing), generated with kicad-footprint-generator")
    (tags capacitor)
    (path /5FAA1283)
    (attr smd)
    (fp_text reference C8 (at 0 -1.65) (layer F.SilkS)
      (effects (font (size 1 1) (thickness 0.15)))
    )
    (fp_text value 1uF (at 0 1.65) (layer F.Fab)
      (effects (font (size 1 1) (thickness 0.15)))
    )
    (fp_line (start -1 0.6) (end -1 -0.6) (layer F.Fab) (width 0.1))
    (fp_line (start -1 -0.6) (end 1 -0.6) (layer F.Fab) (width 0.1))
    (fp_line (start 1 -0.6) (end 1 0.6) (layer F.Fab) (width 0.1))
    (fp_line (start 1 0.6) (end -1 0.6) (layer F.Fab) (width 0.1))
    (fp_line (start -0.258578 -0.71) (end 0.258578 -0.71) (layer F.SilkS) (width 0.12))
    (fp_line (start -0.258578 0.71) (end 0.258578 0.71) (layer F.SilkS) (width 0.12))
    (fp_line (start -1.68 0.95) (end -1.68 -0.95) (layer F.CrtYd) (width 0.05))
    (fp_line (start -1.68 -0.95) (end 1.68 -0.95) (layer F.CrtYd) (width 0.05))
    (fp_line (start 1.68 -0.95) (end 1.68 0.95) (layer F.CrtYd) (width 0.05))
    (fp_line (start 1.68 0.95) (end -1.68 0.95) (layer F.CrtYd) (width 0.05))
    (fp_text user %R (at 0 0) (layer F.Fab)
      (effects (font (size 0.5 0.5) (thickness 0.08)))
    )
    (pad 1 smd roundrect (at -0.9375 0 180) (size 0.975 1.4) (layers F.Cu F.Paste F.Mask) (roundrect_rratio 0.25)
      (net 10 "Net-(C7-Pad1)"))
    (pad 2 smd roundrect (at 0.9375 0 180) (size 0.975 1.4) (layers F.Cu F.Paste F.Mask) (roundrect_rratio 0.25)
      (net 11 "Net-(C8-Pad2)"))
    (model ${KISYS3DMOD}/Capacitor_SMD.3dshapes/C_0805_2012Metric.wrl
      (at (xyz 0 0 0))
      (scale (xyz 1 1 1))
      (rotate (xyz 0 0 0))
    )
  )

  (module Capacitor_SMD:C_0805_2012Metric (layer F.Cu) (tedit 5B36C52B) (tstamp 5EF596F5)
    (at 73.025 72.39 270)
    (descr "Capacitor SMD 0805 (2012 Metric), square (rectangular) end terminal, IPC_7351 nominal, (Body size source: https://docs.google.com/spreadsheets/d/1BsfQQcO9C6DZCsRaXUlFlo91Tg2WpOkGARC1WS5S8t0/edit?usp=sharing), generated with kicad-footprint-generator")
    (tags capacitor)
    (path /5F7D3173)
    (attr smd)
    (fp_text reference C9 (at 0 -1.65 90) (layer F.SilkS)
      (effects (font (size 1 1) (thickness 0.15)))
    )
    (fp_text value 1uF (at 0 1.65 90) (layer F.Fab)
      (effects (font (size 1 1) (thickness 0.15)))
    )
    (fp_line (start -1 0.6) (end -1 -0.6) (layer F.Fab) (width 0.1))
    (fp_line (start -1 -0.6) (end 1 -0.6) (layer F.Fab) (width 0.1))
    (fp_line (start 1 -0.6) (end 1 0.6) (layer F.Fab) (width 0.1))
    (fp_line (start 1 0.6) (end -1 0.6) (layer F.Fab) (width 0.1))
    (fp_line (start -0.258578 -0.71) (end 0.258578 -0.71) (layer F.SilkS) (width 0.12))
    (fp_line (start -0.258578 0.71) (end 0.258578 0.71) (layer F.SilkS) (width 0.12))
    (fp_line (start -1.68 0.95) (end -1.68 -0.95) (layer F.CrtYd) (width 0.05))
    (fp_line (start -1.68 -0.95) (end 1.68 -0.95) (layer F.CrtYd) (width 0.05))
    (fp_line (start 1.68 -0.95) (end 1.68 0.95) (layer F.CrtYd) (width 0.05))
    (fp_line (start 1.68 0.95) (end -1.68 0.95) (layer F.CrtYd) (width 0.05))
    (fp_text user %R (at 0 0 90) (layer F.Fab)
      (effects (font (size 0.5 0.5) (thickness 0.08)))
    )
    (pad 1 smd roundrect (at -0.9375 0 270) (size 0.975 1.4) (layers F.Cu F.Paste F.Mask) (roundrect_rratio 0.25)
      (net 1 GND))
    (pad 2 smd roundrect (at 0.9375 0 270) (size 0.975 1.4) (layers F.Cu F.Paste F.Mask) (roundrect_rratio 0.25)
      (net 12 "Net-(C9-Pad2)"))
    (model ${KISYS3DMOD}/Capacitor_SMD.3dshapes/C_0805_2012Metric.wrl
      (at (xyz 0 0 0))
      (scale (xyz 1 1 1))
      (rotate (xyz 0 0 0))
    )
  )

  (module Capacitor_SMD:C_0805_2012Metric (layer F.Cu) (tedit 5B36C52B) (tstamp 5EF59706)
    (at 73.025 64.77 90)
    (descr "Capacitor SMD 0805 (2012 Metric), square (rectangular) end terminal, IPC_7351 nominal, (Body size source: https://docs.google.com/spreadsheets/d/1BsfQQcO9C6DZCsRaXUlFlo91Tg2WpOkGARC1WS5S8t0/edit?usp=sharing), generated with kicad-footprint-generator")
    (tags capacitor)
    (path /5F9AC5AF)
    (attr smd)
    (fp_text reference C10 (at 0 -1.65 90) (layer F.SilkS)
      (effects (font (size 1 1) (thickness 0.15)))
    )
    (fp_text value 1uF (at 0 1.65 90) (layer F.Fab)
      (effects (font (size 1 1) (thickness 0.15)))
    )
    (fp_line (start -1 0.6) (end -1 -0.6) (layer F.Fab) (width 0.1))
    (fp_line (start -1 -0.6) (end 1 -0.6) (layer F.Fab) (width 0.1))
    (fp_line (start 1 -0.6) (end 1 0.6) (layer F.Fab) (width 0.1))
    (fp_line (start 1 0.6) (end -1 0.6) (layer F.Fab) (width 0.1))
    (fp_line (start -0.258578 -0.71) (end 0.258578 -0.71) (layer F.SilkS) (width 0.12))
    (fp_line (start -0.258578 0.71) (end 0.258578 0.71) (layer F.SilkS) (width 0.12))
    (fp_line (start -1.68 0.95) (end -1.68 -0.95) (layer F.CrtYd) (width 0.05))
    (fp_line (start -1.68 -0.95) (end 1.68 -0.95) (layer F.CrtYd) (width 0.05))
    (fp_line (start 1.68 -0.95) (end 1.68 0.95) (layer F.CrtYd) (width 0.05))
    (fp_line (start 1.68 0.95) (end -1.68 0.95) (layer F.CrtYd) (width 0.05))
    (fp_text user %R (at 0 0 90) (layer F.Fab)
      (effects (font (size 0.5 0.5) (thickness 0.08)))
    )
    (pad 1 smd roundrect (at -0.9375 0 90) (size 0.975 1.4) (layers F.Cu F.Paste F.Mask) (roundrect_rratio 0.25)
      (net 1 GND))
    (pad 2 smd roundrect (at 0.9375 0 90) (size 0.975 1.4) (layers F.Cu F.Paste F.Mask) (roundrect_rratio 0.25)
      (net 13 "Net-(C10-Pad2)"))
    (model ${KISYS3DMOD}/Capacitor_SMD.3dshapes/C_0805_2012Metric.wrl
      (at (xyz 0 0 0))
      (scale (xyz 1 1 1))
      (rotate (xyz 0 0 0))
    )
  )

  (module Capacitor_SMD:C_0805_2012Metric (layer F.Cu) (tedit 5B36C52B) (tstamp 5EF59717)
    (at 73.025 68.58 90)
    (descr "Capacitor SMD 0805 (2012 Metric), square (rectangular) end terminal, IPC_7351 nominal, (Body size source: https://docs.google.com/spreadsheets/d/1BsfQQcO9C6DZCsRaXUlFlo91Tg2WpOkGARC1WS5S8t0/edit?usp=sharing), generated with kicad-footprint-generator")
    (tags capacitor)
    (path /5F9ACEDE)
    (attr smd)
    (fp_text reference C11 (at 0 -1.65 90) (layer F.SilkS)
      (effects (font (size 1 1) (thickness 0.15)))
    )
    (fp_text value 1uF (at 0 1.65 90) (layer F.Fab)
      (effects (font (size 1 1) (thickness 0.15)))
    )
    (fp_text user %R (at 0 0 90) (layer F.Fab)
      (effects (font (size 0.5 0.5) (thickness 0.08)))
    )
    (fp_line (start 1.68 0.95) (end -1.68 0.95) (layer F.CrtYd) (width 0.05))
    (fp_line (start 1.68 -0.95) (end 1.68 0.95) (layer F.CrtYd) (width 0.05))
    (fp_line (start -1.68 -0.95) (end 1.68 -0.95) (layer F.CrtYd) (width 0.05))
    (fp_line (start -1.68 0.95) (end -1.68 -0.95) (layer F.CrtYd) (width 0.05))
    (fp_line (start -0.258578 0.71) (end 0.258578 0.71) (layer F.SilkS) (width 0.12))
    (fp_line (start -0.258578 -0.71) (end 0.258578 -0.71) (layer F.SilkS) (width 0.12))
    (fp_line (start 1 0.6) (end -1 0.6) (layer F.Fab) (width 0.1))
    (fp_line (start 1 -0.6) (end 1 0.6) (layer F.Fab) (width 0.1))
    (fp_line (start -1 -0.6) (end 1 -0.6) (layer F.Fab) (width 0.1))
    (fp_line (start -1 0.6) (end -1 -0.6) (layer F.Fab) (width 0.1))
    (pad 2 smd roundrect (at 0.9375 0 90) (size 0.975 1.4) (layers F.Cu F.Paste F.Mask) (roundrect_rratio 0.25)
      (net 14 "Net-(C11-Pad2)"))
    (pad 1 smd roundrect (at -0.9375 0 90) (size 0.975 1.4) (layers F.Cu F.Paste F.Mask) (roundrect_rratio 0.25)
      (net 1 GND))
    (model ${KISYS3DMOD}/Capacitor_SMD.3dshapes/C_0805_2012Metric.wrl
      (at (xyz 0 0 0))
      (scale (xyz 1 1 1))
      (rotate (xyz 0 0 0))
    )
  )

  (module Diode_SMD:D_SOD-323 (layer F.Cu) (tedit 58641739) (tstamp 5EF5972F)
    (at 125.73 79.375 270)
    (descr SOD-323)
    (tags SOD-323)
    (path /5F2F3BA0)
    (attr smd)
    (fp_text reference D1 (at 0 -1.85 90) (layer F.SilkS)
      (effects (font (size 1 1) (thickness 0.15)))
    )
    (fp_text value D (at 0.1 1.9 90) (layer F.Fab)
      (effects (font (size 1 1) (thickness 0.15)))
    )
    (fp_text user %R (at 0 -1.85 90) (layer F.Fab)
      (effects (font (size 1 1) (thickness 0.15)))
    )
    (fp_line (start -1.5 -0.85) (end -1.5 0.85) (layer F.SilkS) (width 0.12))
    (fp_line (start 0.2 0) (end 0.45 0) (layer F.Fab) (width 0.1))
    (fp_line (start 0.2 0.35) (end -0.3 0) (layer F.Fab) (width 0.1))
    (fp_line (start 0.2 -0.35) (end 0.2 0.35) (layer F.Fab) (width 0.1))
    (fp_line (start -0.3 0) (end 0.2 -0.35) (layer F.Fab) (width 0.1))
    (fp_line (start -0.3 0) (end -0.5 0) (layer F.Fab) (width 0.1))
    (fp_line (start -0.3 -0.35) (end -0.3 0.35) (layer F.Fab) (width 0.1))
    (fp_line (start -0.9 0.7) (end -0.9 -0.7) (layer F.Fab) (width 0.1))
    (fp_line (start 0.9 0.7) (end -0.9 0.7) (layer F.Fab) (width 0.1))
    (fp_line (start 0.9 -0.7) (end 0.9 0.7) (layer F.Fab) (width 0.1))
    (fp_line (start -0.9 -0.7) (end 0.9 -0.7) (layer F.Fab) (width 0.1))
    (fp_line (start -1.6 -0.95) (end 1.6 -0.95) (layer F.CrtYd) (width 0.05))
    (fp_line (start 1.6 -0.95) (end 1.6 0.95) (layer F.CrtYd) (width 0.05))
    (fp_line (start -1.6 0.95) (end 1.6 0.95) (layer F.CrtYd) (width 0.05))
    (fp_line (start -1.6 -0.95) (end -1.6 0.95) (layer F.CrtYd) (width 0.05))
    (fp_line (start -1.5 0.85) (end 1.05 0.85) (layer F.SilkS) (width 0.12))
    (fp_line (start -1.5 -0.85) (end 1.05 -0.85) (layer F.SilkS) (width 0.12))
    (pad 1 smd rect (at -1.05 0 270) (size 0.6 0.45) (layers F.Cu F.Paste F.Mask)
      (net 15 VCC))
    (pad 2 smd rect (at 1.05 0 270) (size 0.6 0.45) (layers F.Cu F.Paste F.Mask)
      (net 3 "Net-(C2-Pad2)"))
    (model ${KISYS3DMOD}/Diode_SMD.3dshapes/D_SOD-323.wrl
      (at (xyz 0 0 0))
      (scale (xyz 1 1 1))
      (rotate (xyz 0 0 0))
    )
  )

  (module CALCKS:LCD_DOGM128-6 (layer F.Cu) (tedit 5EF5054F) (tstamp 5EF59759)
    (at 98.425 52.705 180)
    (path /5F4DCEFA)
    (fp_text reference DS1 (at 0.1 -26.6) (layer F.SilkS)
      (effects (font (size 1 1) (thickness 0.15)))
    )
    (fp_text value DOGM128-6 (at 0 21.1) (layer F.Fab)
      (effects (font (size 1 1) (thickness 0.15)))
    )
    (fp_line (start -27.5 19.2) (end -27.5 -23.8) (layer F.Fab) (width 0.12))
    (fp_line (start 27.5 19.2) (end 27.5 -23.8) (layer F.Fab) (width 0.12))
    (fp_line (start -27.5 19.2) (end 27.5 19.2) (layer F.Fab) (width 0.12))
    (fp_line (start -27.5 -23.8) (end 27.5 -23.8) (layer F.Fab) (width 0.12))
    (fp_poly (pts (xy 27.5 -23.7) (xy 27.5 -17) (xy -27.5 -17) (xy -27.5 -23.8)) (layer F.Fab) (width 0.1))
    (fp_line (start 27.5 17) (end -27.5 17) (layer F.Fab) (width 0.12))
    (fp_poly (pts (xy 24.1 13.9) (xy -24.1 13.9) (xy -24.1 -13.9) (xy 24.1 -13.9)) (layer F.Fab) (width 0.1))
    (fp_line (start -27.5 19.2) (end -27.5 -23.8) (layer F.SilkS) (width 0.2))
    (fp_line (start -27.5 19.2) (end 27.5 19.2) (layer F.SilkS) (width 0.2))
    (fp_line (start 27.5 19.2) (end 27.5 -23.8) (layer F.SilkS) (width 0.2))
    (fp_line (start -27.5 -23.8) (end 27.5 -23.8) (layer F.SilkS) (width 0.2))
    (pad 1 thru_hole circle (at -24.13 19.2 180) (size 1.524 1.524) (drill 0.762) (layers *.Cu *.Mask)
      (net 16 "Net-(DS1-Pad1)"))
    (pad 2 thru_hole circle (at -21.59 19.2 180) (size 1.524 1.524) (drill 0.762) (layers *.Cu *.Mask)
      (net 17 "Net-(DS1-Pad2)"))
    (pad 3 thru_hole circle (at -19.05 19.2 180) (size 1.524 1.524) (drill 0.762) (layers *.Cu *.Mask)
      (net 18 "Net-(DS1-Pad3)"))
    (pad 18 thru_hole circle (at 19.05 19.2 180) (size 1.524 1.524) (drill 0.762) (layers *.Cu *.Mask)
      (net 19 "Net-(DS1-Pad18)"))
    (pad 19 thru_hole circle (at 21.59 19.2 180) (size 1.524 1.524) (drill 0.762) (layers *.Cu *.Mask)
      (net 20 "Net-(DS1-Pad19)"))
    (pad 20 thru_hole circle (at 24.13 19.2 180) (size 1.524 1.524) (drill 0.762) (layers *.Cu *.Mask)
      (net 21 "Net-(DS1-Pad20)"))
    (pad 21 thru_hole circle (at 24.13 -23.8 180) (size 1.524 1.524) (drill 0.762) (layers *.Cu *.Mask)
      (net 12 "Net-(C9-Pad2)"))
    (pad 22 thru_hole circle (at 21.59 -23.8 180) (size 1.524 1.524) (drill 0.762) (layers *.Cu *.Mask)
      (net 7 "Net-(C5-Pad2)"))
    (pad 23 thru_hole circle (at 19.05 -23.8 180) (size 1.524 1.524) (drill 0.762) (layers *.Cu *.Mask)
      (net 13 "Net-(C10-Pad2)"))
    (pad 24 thru_hole circle (at 16.51 -23.8 180) (size 1.524 1.524) (drill 0.762) (layers *.Cu *.Mask)
      (net 8 "Net-(C6-Pad2)"))
    (pad 25 thru_hole circle (at 13.97 -23.8 180) (size 1.524 1.524) (drill 0.762) (layers *.Cu *.Mask)
      (net 14 "Net-(C11-Pad2)"))
    (pad 26 thru_hole circle (at 11.43 -23.8 180) (size 1.524 1.524) (drill 0.762) (layers *.Cu *.Mask)
      (net 1 GND))
    (pad 27 thru_hole circle (at 8.89 -23.8 180) (size 1.524 1.524) (drill 0.762) (layers *.Cu *.Mask)
      (net 6 "Net-(C4-Pad2)"))
    (pad 28 thru_hole circle (at 6.35 -23.8 180) (size 1.524 1.524) (drill 0.762) (layers *.Cu *.Mask)
      (net 5 "Net-(C4-Pad1)"))
    (pad 29 thru_hole circle (at 3.81 -23.8 180) (size 1.524 1.524) (drill 0.762) (layers *.Cu *.Mask)
      (net 9 "Net-(C7-Pad2)"))
    (pad 30 thru_hole circle (at 1.27 -23.8 180) (size 1.524 1.524) (drill 0.762) (layers *.Cu *.Mask)
      (net 10 "Net-(C7-Pad1)"))
    (pad 31 thru_hole circle (at -1.27 -23.8 180) (size 1.524 1.524) (drill 0.762) (layers *.Cu *.Mask)
      (net 11 "Net-(C8-Pad2)"))
    (pad 31 thru_hole circle (at 3.81 -23.8 180) (size 1.524 1.524) (drill 0.762) (layers *.Cu *.Mask)
      (net 11 "Net-(C8-Pad2)"))
    (pad 32 thru_hole circle (at -3.81 -23.8 180) (size 1.524 1.524) (drill 0.762) (layers *.Cu *.Mask)
      (net 4 "Net-(C3-Pad2)"))
    (pad 33 thru_hole circle (at -6.35 -23.8 180) (size 1.524 1.524) (drill 0.762) (layers *.Cu *.Mask)
      (net 1 GND))
    (pad 34 thru_hole circle (at -8.89 -23.8 180) (size 1.524 1.524) (drill 0.762) (layers *.Cu *.Mask)
      (net 15 VCC))
    (pad 35 thru_hole circle (at -11.43 -23.8 180) (size 1.524 1.524) (drill 0.762) (layers *.Cu *.Mask)
      (net 15 VCC))
    (pad 36 thru_hole circle (at -13.97 -23.8 180) (size 1.524 1.524) (drill 0.762) (layers *.Cu *.Mask)
      (net 22 MISO))
    (pad 38 thru_hole circle (at -19.05 -23.8 180) (size 1.524 1.524) (drill 0.762) (layers *.Cu *.Mask)
      (net 23 SCK))
    (pad 37 thru_hole circle (at -16.51 -23.8 180) (size 1.524 1.524) (drill 0.762) (layers *.Cu *.Mask)
      (net 24 SCL))
    (pad 39 thru_hole circle (at -21.59 -23.8 180) (size 1.524 1.524) (drill 0.762) (layers *.Cu *.Mask)
      (net 25 RST))
    (pad 40 thru_hole circle (at -24.13 -23.8 180) (size 1.524 1.524) (drill 0.762) (layers *.Cu *.Mask)
      (net 26 MOSI))
  )

  (module Connector_PinHeader_2.54mm:PinHeader_2x03_P2.54mm_Vertical (layer F.Cu) (tedit 59FED5CC) (tstamp 5EF59775)
    (at 72.39 99.695)
    (descr "Through hole straight pin header, 2x03, 2.54mm pitch, double rows")
    (tags "Through hole pin header THT 2x03 2.54mm double row")
    (path /5F325DC4)
    (fp_text reference J1 (at 1.27 -2.33) (layer F.SilkS)
      (effects (font (size 1 1) (thickness 0.15)))
    )
